---
- !ruby/hash:Moped::BSON::Document
  player_id: 1000001
  status_cd: 4
  item_cd: 10021
  count: 5
  created_at: 2012-07-20 04:00:00.000000000 Z
  updated_at: 2012-07-20 04:04:00.000000000 Z
- !ruby/hash:Moped::BSON::Document
  player_id: 1000005
  status_cd: 3
  item_cd: 10021
  count: 2
  created_at: 2012-07-20 04:30:00.000000000 Z
  updated_at: 2012-07-20 04:02:00.000000000 Z
- !ruby/hash:Moped::BSON::Document
  player_id: 1000002
  status_cd: 2
  item_cd: 10021
  count: 3
  created_at: 2012-07-20 09:00:00.000000000 Z
  updated_at: 2012-07-20 09:01:00.000000000 Z
- !ruby/hash:Moped::BSON::Document
  player_id: 1000001
  status_cd: 1
  item_cd: 10025
  count: 1
  created_at: 2012-07-30 00:00:00.000000000 Z
  updated_at: 2012-07-30 00:00:00.000000000 Z
